1695301285.951
1695301286.351
1695301286.551
1695301286.751
1695301287.151
1695301287.351
1695301287.551
1695301287.751
1695301288.151
1695301288.351
1695301288.551
1695301288.751
1695301289.351
1695301289.551
1695301289.751
1695301289.951
1695301290.551
1695301290.751
1695301291.151
1695301291.352
1695301291.551
1695301291.951
1695301292.152
1695301292.351
1695301292.551
1695301292.751
1695301292.951
1695301293.152
1695301293.351
1695301293.751
1695301293.951
1695301294.151
1695301294.351
1695301294.551
1695301294.951
1695301295.351
1695301295.551
1695301295.751
1695301295.951
1695301296.151
1695301296.351
1695301296.551
1695301296.751
1695301296.951
1695301297.151
1695301297.351
1695301297.751
1695301298.151
1695301298.351
1695301298.551
1695301299.151
1695301299.351
1695301299.551
1695301299.751
1695301299.951
1695301300.352
1695301300.551
1695301300.951
1695301301.151
1695301301.352
1695301301.551
1695301301.751
1695301302.351
1695301302.551
1695301302.951
1695301303.351
1695301303.551
1695301303.751
1695301303.952
1695301304.151
1695301304.351
1695301304.751
1695301304.952
1695301305.151
1695301305.552
1695301305.751
1695301305.951
1695301306.151
1695301306.351
1695301306.752
1695301306.951
1695301307.151
1695301307.351
1695301307.551
1695301307.751
1695301307.952
1695301308.351
1695301308.551
1695301308.951
1695301309.152
1695301309.551
1695301309.751
1695301309.951
1695301310.351
1695301310.551
1695301310.751
1695301310.951
1695301311.351
1695301311.551
1695301311.751
1695301311.951
1695301312.151
1695301312.551
1695301312.952
1695301313.551
1695301313.751
1695301313.951
1695301314.151
1695301314.351
1695301314.751
1695301315.151
1695301315.351
1695301315.551
1695301315.951
1695301316.151
1695301316.351
1695301316.751
1695301317.151
1695301317.352
1695301317.552
1695301317.751
1695301317.951
1695301318.151
1695301318.351
1695301318.552
1695301318.951
1695301319.351
1695301319.551
1695301319.752
1695301320.151
1695301320.351
1695301320.551
1695301320.951
1695301321.152
1695301321.352
1695301321.551
1695301321.751
1695301322.351
1695301322.551
1695301322.751
1695301322.951
1695301323.151
1695301323.551
1695301323.752
1695301323.951
1695301324.351
1695301324.751
1695301325.351
1695301325.551
1695301325.751
1695301325.951
1695301326.151
1695301326.351
1695301326.551
1695301327.151
1695301327.351
1695301327.551
1695301327.752
1695301327.951
1695301328.151
1695301328.351
1695301328.551
1695301328.751
1695301328.952
1695301329.152
1695301329.351
1695301329.551
1695301329.751
1695301329.951
1695301330.151
1695301330.352
1695301330.551
1695301330.751
1695301331.551
1695301331.752
1695301331.951
1695301332.151
1695301332.351
1695301332.551
1695301332.751
1695301332.951
1695301333.151
1695301333.752
1695301333.952
1695301334.152
1695301334.352
1695301334.552
1695301334.752
1695301334.952
1695301335.552
1695301335.952
1695301336.152
1695301336.552
1695301336.752
1695301336.952
1695301337.552
1695301337.752
1695301338.152
1695301338.753
1695301338.952
1695301339.152
1695301339.552
1695301339.752
1695301340.153
1695301340.352
1695301340.952
1695301341.353
1695301341.752
1695301341.952
1695301342.152
1695301342.352
1695301342.552
1695301342.752
1695301343.552
1695301343.752
1695301344.152
1695301344.352
1695301344.552
1695301344.752
1695301344.952
1695301345.152
1695301345.352
1695301345.552
1695301345.952
1695301346.352
1695301346.553
1695301346.752
1695301346.952
1695301347.152
1695301347.352
1695301347.552
1695301347.752
1695301347.952
1695301348.152
1695301348.352
1695301348.552
1695301348.752
1695301348.952
1695301349.552
1695301349.752
1695301349.952
1695301350.152
1695301350.552
1695301350.752
1695301350.952
1695301351.352
1695301351.552
1695301351.752
1695301351.953
1695301352.153
1695301352.552
1695301352.752
1695301352.952
1695301353.152
1695301353.353
1695301353.552
1695301353.752
1695301353.952
1695301354.152
1695301354.552
1695301354.752
1695301355.152
1695301355.552
1695301355.752
1695301356.152
1695301356.552
1695301356.952
1695301357.152
1695301357.553
1695301357.952
1695301358.152
1695301358.352
1695301358.552
1695301358.752
1695301358.953
1695301359.152
1695301359.352
1695301360.152
1695301360.352
1695301360.552
1695301361.353
1695301361.553
1695301361.752
1695301361.952
1695301362.152
1695301362.352
1695301362.552
1695301362.753
1695301362.952
1695301363.152
1695301363.552
1695301363.752
1695301363.952
1695301364.152
1695301364.352
1695301364.752
1695301364.952
1695301365.152
1695301365.352
1695301365.552
1695301365.952
1695301366.152
1695301366.353
1695301366.752
1695301366.952
1695301367.152
1695301367.352
1695301367.752
1695301367.952
1695301368.152
1695301368.352
1695301368.552
1695301369.352
1695301369.752
1695301369.952
1695301370.152
1695301370.352
1695301370.552
1695301370.752
1695301370.952
1695301371.152
1695301371.352
1695301371.553
1695301371.752
1695301371.952
1695301372.352
1695301372.552
1695301372.752
1695301372.952
1695301373.152
1695301373.352
1695301373.552
1695301373.752
1695301374.153
1695301374.352
1695301374.752
1695301374.952
1695301375.352
1695301375.752
1695301376.152
1695301376.352
1695301376.552
1695301376.952
1695301377.152
1695301377.352
1695301377.552
1695301377.752
1695301377.953
1695301378.152
1695301378.352
1695301378.752
1695301378.952
1695301379.152
1695301379.353
1695301379.552
1695301379.752
1695301379.952
1695301380.152
1695301380.352
1695301380.552
1695301381.552
1695301381.952
1695301382.153
1695301382.552
1695301382.752
1695301382.952
1695301383.152
1695301383.352
1695301383.553
1695301383.752
1695301384.352
1695301384.552
1695301384.952
1695301385.152
1695301385.552
1695301385.752
1695301385.952
1695301386.152
1695301386.352
1695301386.552
1695301386.752
1695301386.952
1695301387.152
1695301387.352
1695301387.552
1695301387.752
1695301387.952
1695301388.152
1695301388.352
1695301388.552
1695301388.752
1695301388.953
1695301389.152
1695301389.352
1695301389.552
1695301389.752
1695301389.952
1695301390.152
1695301390.353
1695301390.553
1695301390.752
1695301390.952
1695301391.152
1695301391.352
1695301391.552
1695301391.753
1695301391.952
1695301392.152
1695301392.352
1695301392.552
1695301392.752
1695301392.952
1695301393.153
1695301393.352
1695301393.552
1695301393.752
1695301393.952
1695301394.152
1695301394.352
1695301394.552
1695301394.752
1695301394.952
1695301395.152
1695301395.352
1695301395.552
1695301395.752
1695301395.952
1695301396.152
1695301396.352
1695301396.552
1695301396.752
1695301396.952
1695301397.152
1695301397.352
1695301397.552
1695301397.752
1695301397.952
