1695301285.963
1695301286.164
1695301286.364
1695301286.563
1695301286.763
1695301286.964
1695301287.164
1695301287.363
1695301287.564
1695301287.763
1695301287.963
1695301288.164
1695301288.363
1695301288.764
1695301288.963
1695301289.163
1695301289.363
1695301289.563
1695301289.763
1695301289.964
1695301290.163
1695301290.363
1695301290.763
1695301290.964
1695301291.163
1695301291.363
1695301291.763
1695301292.163
1695301292.364
1695301292.563
1695301292.763
1695301292.964
1695301293.163
1695301293.564
1695301293.763
1695301293.963
1695301294.164
1695301294.363
1695301294.563
1695301294.764
1695301294.963
1695301295.163
1695301295.563
1695301295.763
1695301295.964
1695301296.163
1695301296.963
1695301297.163
1695301297.363
1695301297.564
1695301297.763
1695301297.963
1695301298.163
1695301298.364
1695301298.563
1695301298.763
1695301298.964
1695301299.163
1695301299.363
1695301299.763
1695301299.963
1695301300.163
1695301300.563
1695301300.763
1695301300.963
1695301301.163
1695301301.364
1695301301.563
1695301301.964
1695301302.163
1695301302.363
1695301302.563
1695301302.763
1695301303.163
1695301303.363
1695301303.563
1695301303.763
1695301303.964
1695301304.163
1695301304.364
1695301304.763
1695301304.963
1695301305.164
1695301305.563
1695301305.763
1695301305.963
1695301306.164
1695301306.763
1695301306.963
1695301307.563
1695301307.764
1695301307.963
1695301308.163
1695301308.563
1695301308.964
1695301309.163
1695301309.363
1695301309.564
1695301309.763
1695301309.963
1695301310.164
1695301310.363
1695301310.563
1695301310.964
1695301311.163
1695301311.564
1695301311.763
1695301312.163
1695301312.363
1695301312.563
1695301312.764
1695301312.963
1695301313.163
1695301313.764
1695301313.963
1695301314.163
1695301314.564
1695301314.763
1695301314.963
1695301315.164
1695301315.363
1695301315.563
1695301315.763
1695301316.164
1695301316.363
1695301316.563
1695301316.763
1695301316.963
1695301317.163
1695301317.364
1695301317.563
1695301317.963
1695301318.163
1695301318.364
1695301318.563
1695301318.763
1695301318.964
1695301319.363
1695301319.763
1695301319.963
1695301320.363
1695301320.765
1695301320.963
1695301321.163
1695301321.363
1695301321.563
1695301321.763
1695301321.963
1695301322.363
1695301322.564
1695301322.963
1695301323.163
1695301323.363
1695301323.561
1695301323.762
1695301323.961
1695301324.161
1695301324.361
1695301324.562
1695301324.961
1695301325.161
1695301325.361
1695301325.562
1695301325.962
1695301326.161
1695301326.361
1695301326.562
1695301326.761
1695301326.961
1695301327.161
1695301327.562
1695301327.762
1695301328.162
1695301328.361
1695301328.561
1695301328.762
1695301328.961
1695301329.161
1695301329.362
1695301329.761
1695301329.961
1695301330.162
1695301330.361
1695301330.561
1695301330.761
1695301330.96
1695301331.162
1695301331.561
1695301331.761
1695301332.16
1695301332.361
1695301332.762
1695301332.961
1695301333.162
1695301333.561
1695301333.761
1695301334.161
1695301334.361
1695301334.561
1695301334.761
1695301334.961
1695301335.161
1695301335.361
1695301335.561
1695301335.761
1695301335.961
1695301336.161
1695301336.361
1695301336.561
1695301336.762
1695301336.961
1695301337.161
1695301337.361
1695301337.761
1695301337.96
1695301338.161
1695301338.361
1695301338.562
1695301338.761
1695301338.961
1695301339.361
1695301339.56
1695301339.761
1695301339.961
1695301340.361
1695301340.561
1695301340.76
1695301340.961
1695301341.161
1695301341.362
1695301341.561
1695301341.761
1695301342.161
1695301342.561
1695301342.761
1695301342.961
1695301343.161
1695301343.361
1695301343.561
1695301343.762
1695301343.961
1695301344.361
1695301344.561
1695301344.76
1695301344.961
1695301345.161
1695301345.362
1695301345.561
1695301345.761
1695301345.961
1695301346.161
1695301346.361
1695301346.561
1695301346.761
1695301346.961
1695301347.16
1695301347.361
1695301347.561
1695301347.961
1695301348.361
1695301349.162
1695301349.56
1695301349.761
1695301350.361
1695301350.561
1695301350.762
1695301350.961
1695301351.161
1695301351.361
1695301351.761
1695301351.961
1695301352.161
1695301352.361
1695301352.561
1695301352.961
1695301353.161
1695301353.361
1695301353.561
1695301353.961
1695301354.161
1695301354.361
1695301354.561
1695301354.762
1695301354.961
1695301355.161
1695301355.361
1695301355.561
1695301355.761
1695301355.961
1695301356.161
1695301356.361
1695301356.561
1695301356.761
1695301356.961
1695301357.161
1695301357.361
1695301357.561
1695301357.761
1695301357.961
1695301358.161
1695301358.561
1695301358.762
1695301358.961
1695301359.161
1695301359.361
1695301359.561
1695301359.761
1695301359.961
1695301360.361
1695301360.761
1695301360.961
1695301361.361
1695301361.561
1695301361.961
1695301362.161
1695301362.361
1695301362.561
1695301362.761
1695301363.161
1695301363.761
1695301363.961
1695301364.162
1695301364.361
1695301365.161
1695301365.361
1695301365.562
1695301365.761
1695301365.961
1695301366.162
1695301366.362
1695301366.561
1695301366.76
1695301366.961
1695301367.161
1695301367.361
1695301367.761
1695301367.961
1695301368.162
1695301368.361
1695301368.561
1695301369.361
1695301369.561
1695301369.761
1695301370.161
1695301370.361
1695301370.561
1695301371.162
1695301371.361
1695301371.56
1695301371.761
1695301371.961
1695301372.161
1695301372.361
1695301372.76
1695301372.961
1695301373.161
1695301373.361
1695301373.561
1695301373.761
1695301373.961
1695301374.161
1695301374.361
1695301374.56
1695301374.761
1695301374.961
1695301375.161
1695301375.561
1695301375.762
1695301375.962
1695301376.161
1695301376.561
1695301376.761
1695301376.961
1695301377.161
1695301377.361
1695301377.561
1695301377.762
1695301377.962
1695301378.161
1695301378.362
1695301378.561
1695301378.761
1695301378.962
1695301379.161
1695301379.361
1695301380.161
1695301380.361
1695301380.762
1695301380.961
1695301381.162
1695301381.361
1695301381.561
1695301381.761
1695301381.961
1695301382.161
1695301382.361
1695301382.561
1695301382.961
1695301383.162
1695301383.361
1695301383.762
1695301383.962
1695301384.162
1695301384.361
1695301384.562
1695301384.762
1695301384.961
1695301385.162
1695301385.362
1695301385.561
1695301385.762
1695301385.962
1695301386.162
1695301386.362
1695301386.562
1695301386.761
1695301386.963
1695301387.162
1695301387.362
1695301387.563
1695301387.762
1695301387.962
1695301388.162
1695301388.362
1695301388.562
1695301388.763
1695301388.962
1695301389.162
1695301389.362
1695301389.561
1695301389.762
1695301389.962
1695301390.162
1695301390.363
1695301390.562
1695301390.762
1695301390.963
1695301391.162
1695301391.362
1695301391.561
1695301391.762
1695301391.962
1695301392.163
1695301392.362
1695301392.562
1695301392.763
1695301392.962
1695301393.162
1695301393.363
1695301393.562
1695301393.761
1695301393.962
1695301394.162
1695301394.361
1695301394.562
1695301394.763
1695301394.961
1695301395.162
1695301395.362
1695301395.562
1695301395.762
1695301395.961
1695301396.162
1695301396.362
1695301396.562
1695301396.762
1695301396.963
1695301397.162
1695301397.361
1695301397.562
1695301397.762
1695301397.963
