1695301285.906
1695301286.306
1695301286.505
1695301286.906
1695301287.106
1695301287.306
1695301287.506
1695301287.705
1695301287.905
1695301288.105
1695301288.305
1695301288.705
1695301288.905
1695301289.106
1695301289.305
1695301290.105
1695301290.306
1695301291.106
1695301291.305
1695301291.505
1695301291.705
1695301291.905
1695301292.105
1695301292.306
1695301292.505
1695301292.705
1695301292.905
1695301293.106
1695301293.306
1695301293.506
1695301293.705
1695301293.906
1695301294.306
1695301294.706
1695301295.106
1695301295.306
1695301295.706
1695301295.906
1695301296.106
1695301296.305
1695301296.706
1695301296.906
1695301297.106
1695301297.306
1695301297.506
1695301297.906
1695301298.106
1695301298.306
1695301298.506
1695301298.706
1695301298.906
1695301299.506
1695301299.706
1695301300.106
1695301300.306
1695301300.506
1695301300.706
1695301300.906
1695301301.506
1695301301.705
1695301301.905
1695301302.306
1695301302.506
1695301302.906
1695301303.306
1695301303.906
1695301304.106
1695301304.305
1695301304.505
1695301304.906
1695301305.106
1695301305.306
1695301305.506
1695301305.706
1695301305.905
1695301306.106
1695301306.306
1695301306.506
1695301306.706
1695301306.906
1695301307.106
1695301307.305
1695301307.505
1695301307.905
1695301308.906
1695301309.105
1695301309.306
1695301309.506
1695301309.706
1695301309.906
1695301310.306
1695301310.506
1695301310.706
1695301310.906
1695301311.106
1695301311.306
1695301311.506
1695301312.106
1695301312.306
1695301312.506
1695301313.106
1695301313.306
1695301313.506
1695301313.906
1695301314.306
1695301314.506
1695301314.706
1695301314.906
1695301315.106
1695301315.306
1695301315.506
1695301315.706
1695301316.106
1695301316.306
1695301316.506
1695301316.706
1695301316.906
1695301317.105
1695301317.306
1695301317.506
1695301317.906
1695301318.106
1695301318.306
1695301318.706
1695301318.906
1695301319.106
1695301319.506
1695301319.706
1695301319.906
1695301320.305
1695301320.706
1695301320.906
1695301321.106
1695301321.306
1695301321.906
1695301322.505
1695301322.706
1695301322.906
1695301323.106
1695301323.306
1695301323.706
1695301324.306
1695301324.506
1695301324.706
1695301324.906
1695301325.106
1695301325.706
1695301325.906
1695301326.106
1695301327.105
1695301327.306
1695301327.506
1695301327.706
1695301327.906
1695301328.306
1695301328.506
1695301328.706
1695301328.906
1695301329.106
1695301329.306
1695301329.506
1695301329.706
1695301329.906
1695301330.106
1695301330.306
1695301330.506
1695301330.706
1695301330.906
1695301331.306
1695301331.706
1695301331.906
1695301332.106
1695301332.306
1695301332.506
1695301332.706
1695301333.306
1695301333.506
1695301334.106
1695301334.306
1695301334.706
1695301334.906
1695301335.104
1695301335.305
1695301335.504
1695301335.704
1695301336.104
1695301336.304
1695301337.104
1695301337.304
1695301337.504
1695301337.704
1695301337.904
1695301338.105
1695301338.504
1695301338.704
1695301338.904
1695301339.305
1695301339.504
1695301339.704
1695301340.104
1695301340.304
1695301340.504
1695301340.704
1695301340.904
1695301341.104
1695301341.304
1695301341.504
1695301341.704
1695301341.904
1695301342.304
1695301342.504
1695301342.904
1695301343.104
1695301343.704
1695301344.104
1695301344.304
1695301344.504
1695301344.704
1695301345.104
1695301345.304
1695301345.504
1695301345.704
1695301345.904
1695301346.104
1695301346.504
1695301346.704
1695301346.904
1695301347.304
1695301347.504
1695301347.704
1695301347.904
1695301348.104
1695301348.304
1695301348.504
1695301348.904
1695301349.104
1695301349.304
1695301349.504
1695301349.904
1695301350.104
1695301350.304
1695301350.904
1695301351.104
1695301351.304
1695301351.504
1695301352.104
1695301352.304
1695301352.504
1695301353.104
1695301353.504
1695301353.704
1695301353.904
1695301354.304
1695301354.504
1695301354.704
1695301355.104
1695301355.304
1695301355.704
1695301356.304
1695301356.704
1695301356.904
1695301357.104
1695301357.504
1695301357.704
1695301357.904
1695301358.104
1695301358.504
1695301358.904
1695301359.104
1695301359.304
1695301359.504
1695301359.704
1695301359.904
1695301360.104
1695301360.304
1695301360.704
1695301361.104
1695301361.304
1695301361.504
1695301361.704
1695301361.904
1695301362.104
1695301362.304
1695301362.504
1695301362.704
1695301362.904
1695301363.104
1695301363.304
1695301363.704
1695301363.904
1695301364.104
1695301364.504
1695301364.904
1695301365.104
1695301365.504
1695301365.704
1695301365.904
1695301366.504
1695301367.104
1695301367.304
1695301367.504
1695301367.704
1695301367.904
1695301368.104
1695301368.304
1695301368.504
1695301368.704
1695301369.304
1695301369.504
1695301369.704
1695301369.904
1695301370.504
1695301370.704
1695301370.904
1695301371.104
1695301371.304
1695301371.504
1695301371.704
1695301371.904
1695301372.304
1695301372.504
1695301372.704
1695301372.904
1695301373.304
1695301373.504
1695301373.904
1695301374.104
1695301374.304
1695301374.504
1695301374.904
1695301375.104
1695301375.304
1695301375.504
1695301375.704
1695301375.904
1695301376.504
1695301376.704
1695301376.904
1695301377.104
1695301377.504
1695301377.704
1695301377.904
1695301378.504
1695301378.704
1695301379.104
1695301379.304
1695301379.504
1695301379.704
1695301379.904
1695301380.104
1695301380.304
1695301380.504
1695301380.904
1695301381.104
1695301381.304
1695301381.504
1695301381.704
1695301381.904
1695301382.104
1695301382.304
1695301382.504
1695301382.704
1695301382.904
1695301383.104
1695301383.304
1695301383.504
1695301383.704
1695301384.104
1695301384.504
1695301384.704
1695301385.104
1695301385.304
1695301385.504
1695301385.704
1695301385.904
1695301386.104
1695301386.304
1695301386.504
1695301386.704
1695301386.904
1695301387.104
1695301387.304
1695301387.504
1695301387.704
1695301387.904
1695301388.104
1695301388.304
1695301388.504
1695301388.704
1695301388.904
1695301389.104
1695301389.304
1695301389.504
1695301389.704
1695301389.904
1695301390.104
1695301390.304
1695301390.504
1695301390.704
1695301390.904
1695301391.104
1695301391.304
1695301391.504
1695301391.704
1695301391.904
1695301392.104
1695301392.304
1695301392.504
1695301392.704
1695301392.904
1695301393.104
1695301393.304
1695301393.504
1695301393.704
1695301393.904
1695301394.104
1695301394.304
1695301394.504
1695301394.704
1695301394.904
1695301395.104
1695301395.304
1695301395.504
1695301395.704
1695301395.904
1695301396.104
1695301396.304
1695301396.504
1695301396.704
1695301396.904
1695301397.104
1695301397.304
1695301397.504
1695301397.704
1695301397.904
1695301398.105
