1695301286.046
1695301286.246
1695301286.446
1695301286.646
1695301286.847
1695301287.047
1695301287.246
1695301287.446
1695301287.646
1695301288.047
1695301288.247
1695301288.447
1695301288.646
1695301288.846
1695301289.046
1695301289.246
1695301289.446
1695301289.646
1695301289.846
1695301290.046
1695301290.446
1695301290.647
1695301290.847
1695301291.046
1695301291.247
1695301291.646
1695301291.846
1695301292.046
1695301292.246
1695301292.446
1695301292.646
1695301292.846
1695301293.246
1695301293.646
1695301293.846
1695301294.046
1695301294.447
1695301294.646
1695301294.847
1695301295.047
1695301295.246
1695301295.446
1695301295.646
1695301295.847
1695301296.446
1695301297.046
1695301297.246
1695301297.446
1695301297.646
1695301298.046
1695301298.246
1695301298.646
1695301298.846
1695301299.046
1695301299.647
1695301299.846
1695301300.047
1695301300.246
1695301300.446
1695301300.646
1695301301.046
1695301301.246
1695301301.446
1695301301.646
1695301301.846
1695301302.046
1695301302.246
1695301302.446
1695301302.646
1695301302.846
1695301303.046
1695301303.246
1695301303.446
1695301303.646
1695301304.046
1695301304.246
1695301304.446
1695301304.646
1695301304.846
1695301305.046
1695301305.246
1695301305.446
1695301305.646
1695301305.846
1695301306.046
1695301306.247
1695301306.446
1695301306.646
1695301306.846
1695301307.046
1695301307.246
1695301307.446
1695301307.846
1695301308.047
1695301308.246
1695301308.446
1695301308.646
1695301308.846
1695301309.046
1695301309.446
1695301309.646
1695301309.846
1695301310.046
1695301310.246
1695301310.446
1695301310.646
1695301310.847
1695301311.046
1695301311.246
1695301311.446
1695301311.646
1695301311.846
1695301312.046
1695301312.246
1695301312.446
1695301312.647
1695301312.846
1695301313.046
1695301313.246
1695301313.446
1695301314.046
1695301314.246
1695301314.446
1695301314.646
1695301314.846
1695301315.046
1695301315.246
1695301315.446
1695301315.646
1695301315.847
1695301316.246
1695301316.446
1695301316.646
1695301317.046
1695301317.246
1695301317.446
1695301317.646
1695301317.846
1695301318.046
1695301318.246
1695301318.446
1695301318.646
1695301319.046
1695301319.447
1695301319.647
1695301319.846
1695301320.046
1695301320.246
1695301320.446
1695301320.646
1695301320.847
1695301321.246
1695301321.446
1695301321.646
1695301321.846
1695301322.047
1695301322.247
1695301322.446
1695301322.646
1695301322.846
1695301323.046
1695301323.446
1695301323.646
1695301324.446
1695301324.647
1695301324.846
1695301325.046
1695301325.446
1695301325.646
1695301326.046
1695301326.247
1695301326.446
1695301326.646
1695301326.846
1695301327.046
1695301327.246
1695301327.446
1695301327.646
1695301327.846
1695301328.046
1695301328.246
1695301328.446
1695301328.646
1695301328.846
1695301329.046
1695301329.247
1695301329.846
1695301330.046
1695301330.246
1695301330.446
1695301330.646
1695301330.846
1695301331.047
1695301331.247
1695301331.446
1695301331.846
1695301332.046
1695301332.246
1695301332.447
1695301332.846
1695301333.046
1695301333.246
1695301333.446
1695301333.646
1695301334.046
1695301334.246
1695301334.446
1695301334.646
1695301334.846
1695301335.047
1695301335.247
1695301335.446
1695301335.646
1695301335.846
1695301336.047
1695301336.246
1695301336.446
1695301336.646
1695301336.846
1695301337.046
1695301337.246
1695301337.446
1695301337.646
1695301337.846
1695301338.246
1695301338.646
1695301338.846
1695301339.246
1695301339.446
1695301339.646
1695301339.846
1695301340.046
1695301340.246
1695301340.446
1695301340.846
1695301341.046
1695301341.246
1695301341.446
1695301341.647
1695301341.846
1695301342.046
1695301342.246
1695301342.446
1695301342.646
1695301342.846
1695301343.047
1695301343.246
1695301343.446
1695301343.646
1695301343.846
1695301344.046
1695301344.246
1695301344.646
1695301344.846
1695301345.046
1695301345.247
1695301345.446
1695301345.646
1695301345.846
1695301346.046
1695301346.246
1695301346.446
1695301346.646
1695301347.046
1695301347.246
1695301347.446
1695301347.646
1695301347.846
1695301348.046
1695301348.246
1695301348.446
1695301348.646
1695301348.846
1695301349.046
1695301349.246
1695301349.446
1695301349.646
1695301349.846
1695301350.046
1695301350.246
1695301350.846
1695301351.246
1695301351.446
1695301351.646
1695301352.047
1695301352.247
1695301352.646
1695301352.846
1695301353.046
1695301353.247
1695301353.646
1695301353.846
1695301354.046
1695301354.246
1695301354.446
1695301354.646
1695301355.046
1695301355.246
1695301355.446
1695301355.646
1695301355.846
1695301356.246
1695301356.446
1695301356.646
1695301356.846
1695301357.246
1695301357.446
1695301357.646
1695301357.846
1695301358.046
1695301358.246
1695301358.446
1695301358.846
1695301359.246
1695301359.447
1695301359.646
1695301359.846
1695301360.046
1695301360.246
1695301360.446
1695301360.846
1695301361.046
1695301361.246
1695301361.446
1695301361.646
1695301361.846
1695301362.247
1695301362.446
1695301362.646
1695301362.846
1695301363.046
1695301363.246
1695301363.646
1695301364.046
1695301364.246
1695301364.446
1695301364.646
1695301364.846
1695301365.246
1695301365.446
1695301365.846
1695301366.046
1695301366.247
1695301366.447
1695301366.646
1695301366.846
1695301367.046
1695301367.246
1695301367.646
1695301367.846
1695301368.046
1695301368.246
1695301368.446
1695301368.646
1695301368.847
1695301369.046
1695301369.246
1695301369.446
1695301369.846
1695301370.047
1695301370.446
1695301370.646
1695301370.846
1695301371.246
1695301371.447
1695301371.647
1695301371.846
1695301372.247
1695301372.446
1695301372.646
1695301372.846
1695301373.046
1695301373.246
1695301373.447
1695301373.646
1695301373.847
1695301374.246
1695301374.446
1695301374.846
1695301375.046
1695301375.246
1695301375.446
1695301375.646
1695301375.846
1695301376.246
1695301376.446
1695301376.646
1695301376.846
1695301377.046
1695301377.246
1695301377.446
1695301377.646
1695301377.846
1695301378.046
1695301378.246
1695301378.446
1695301378.646
1695301378.846
1695301379.046
1695301379.246
1695301379.446
1695301379.646
1695301379.846
1695301380.046
1695301380.246
1695301380.446
1695301380.646
1695301380.847
1695301381.046
1695301381.247
1695301381.446
1695301381.646
1695301382.046
1695301382.246
1695301382.646
1695301382.846
1695301383.046
1695301383.246
1695301383.445
1695301383.645
1695301383.845
1695301384.045
1695301384.245
1695301384.445
1695301384.645
1695301384.845
1695301385.245
1695301385.445
1695301385.645
1695301385.845
1695301386.045
1695301386.245
1695301386.445
1695301386.645
1695301386.845
1695301387.045
1695301387.245
1695301387.445
1695301387.645
1695301387.846
1695301388.045
1695301388.245
1695301388.446
1695301388.646
1695301388.846
1695301389.046
1695301389.246
1695301389.446
1695301389.646
1695301389.846
1695301390.046
1695301390.246
1695301390.446
1695301390.646
1695301390.846
1695301391.046
1695301391.246
1695301391.446
1695301391.646
1695301391.846
1695301392.046
1695301392.246
1695301392.446
1695301392.646
1695301392.846
1695301393.046
1695301393.246
1695301393.446
1695301393.646
1695301393.846
1695301394.046
1695301394.246
1695301394.446
1695301394.646
1695301394.846
1695301395.046
1695301395.246
1695301395.446
1695301395.646
1695301395.846
1695301396.046
1695301396.246
1695301396.446
1695301396.646
1695301396.846
1695301397.046
1695301397.246
1695301397.446
1695301397.646
1695301397.846
